# Made in Blockbench 4.12.4
mtllib model.mtl

o Head
v 0.27268513171465647 1.9714184476507721 0.28001333210455653
v 0.20791715441918607 2.0357255909766803 -0.21158579364152788
v 0.28024882062632633 1.475828132024828 0.21418757978964137
v 0.21548084333085596 1.540135275350736 -0.277411545956443
v -0.28781250953799625 2.019762183601116 -0.14836182747472626
v -0.22304453224252585 1.955455040275208 0.34323729827135824
v -0.28024882062632633 1.524171867975172 -0.2141875797896414
v -0.21548084333085593 1.459864724649264 0.2774115459564431
vt 0.125 0.875
vt 0.25 0.875
vt 0.25 0.75
vt 0.125 0.75
vt 0 0.875
vt 0.125 0.875
vt 0.125 0.75
vt 0 0.75
vt 0.375 0.875
vt 0.5 0.875
vt 0.5 0.75
vt 0.375 0.75
vt 0.25 0.875
vt 0.375 0.875
vt 0.375 0.75
vt 0.25 0.75
vt 0.25 0.875
vt 0.125 0.875
vt 0.125 1
vt 0.25 1
vt 0.375 1
vt 0.25 1
vt 0.25 0.875
vt 0.375 0.875
vn -0.1295359545909408 0.12861428665181587 -0.983198251492169
vn 0.9914593279143648 0.03192681475112786 -0.12644793233360332
vn 0.1295359545909408 -0.12861428665181587 0.983198251492169
vn -0.9914593279143648 -0.03192681475112786 0.12644793233360332
vn -0.01512737782333982 0.9911806312518884 0.13165150462983033
vn 0.01512737782333982 -0.9911806312518884 -0.13165150462983033
usemtl m_29eb1408-9eab-712f-b04e-a24610a840e8
f 4/4/1 7/3/1 5/2/1 2/1/1
f 3/8/2 4/7/2 2/6/2 1/5/2
f 8/12/3 3/11/3 1/10/3 6/9/3
f 7/16/4 8/15/4 6/14/4 5/13/4
f 6/20/5 1/19/5 2/18/5 5/17/5
f 7/24/6 4/23/6 3/22/6 8/21/6
o Hat Layer
v 0.30724350373596787 1.999371358880497 0.31090088909794394
v 0.23437952927856368 2.0717168951221434 -0.24214812736640107
v 0.3157526537615965 1.4418322538013097 0.2368469177436644
v 0.2428886793041923 1.5141777900429563 -0.3162020987206806
v -0.3233163426732665 2.053758061824634 -0.17102116542874918
v -0.25045236821586225 1.9814125255829877 0.38202785103559583
v -0.31480719264763785 1.496218956745447 -0.24507513678302878
v -0.2419432181902336 1.4238734205038004 0.30797387968131623
vt 0.625 0.875
vt 0.75 0.875
vt 0.75 0.75
vt 0.625 0.75
vt 0.5 0.875
vt 0.625 0.875
vt 0.625 0.75
vt 0.5 0.75
vt 0.875 0.875
vt 1 0.875
vt 1 0.75
vt 0.875 0.75
vt 0.75 0.875
vt 0.875 0.875
vt 0.875 0.75
vt 0.75 0.75
vt 0.75 0.875
vt 0.625 0.875
vt 0.625 1
vt 0.75 1
vt 0.875 1
vt 0.75 1
vt 0.75 0.875
vt 0.875 0.875
vn -0.1295359545909408 0.12861428665181587 -0.983198251492169
vn 0.9914593279143648 0.03192681475112786 -0.12644793233360332
vn 0.1295359545909408 -0.12861428665181587 0.983198251492169
vn -0.9914593279143648 -0.03192681475112786 0.12644793233360332
vn -0.01512737782333982 0.9911806312518884 0.13165150462983033
vn 0.01512737782333982 -0.9911806312518884 -0.13165150462983033
usemtl m_29eb1408-9eab-712f-b04e-a24610a840e8
f 12/28/7 15/27/7 13/26/7 10/25/7
f 11/32/8 12/31/8 10/30/8 9/29/8
f 16/36/9 11/35/9 9/34/9 14/33/9
f 15/40/10 16/39/10 14/38/10 13/37/10
f 14/44/11 9/43/11 10/42/11 13/41/11
f 15/48/12 12/47/12 11/46/12 16/45/12
o Body
v 0.25 1.5 0.125
v 0.25 1.5 -0.125
v 0.25 0.75 0.125
v 0.25 0.75 -0.125
v -0.25 1.5 -0.125
v -0.25 1.5 0.125
v -0.25 0.75 -0.125
v -0.25 0.75 0.125
vt 0.3125 0.6875
vt 0.4375 0.6875
vt 0.4375 0.5
vt 0.3125 0.5
vt 0.25 0.6875
vt 0.3125 0.6875
vt 0.3125 0.5
vt 0.25 0.5
vt 0.5 0.6875
vt 0.625 0.6875
vt 0.625 0.5
vt 0.5 0.5
vt 0.4375 0.6875
vt 0.5 0.6875
vt 0.5 0.5
vt 0.4375 0.5
vt 0.4375 0.6875
vt 0.3125 0.6875
vt 0.3125 0.75
vt 0.4375 0.75
vt 0.5625 0.75
vt 0.4375 0.75
vt 0.4375 0.6875
vt 0.5625 0.6875
vn 0 0 -1
vn 1 0 0
vn 0 0 1
vn -1 0 0
vn 0 1 0
vn 0 -1 0
usemtl m_29eb1408-9eab-712f-b04e-a24610a840e8
f 20/52/13 23/51/13 21/50/13 18/49/13
f 19/56/14 20/55/14 18/54/14 17/53/14
f 24/60/15 19/59/15 17/58/15 22/57/15
f 23/64/16 24/63/16 22/62/16 21/61/16
f 22/68/17 17/67/17 18/66/17 21/65/17
f 23/72/18 20/71/18 19/70/18 24/69/18
o Body Layer
v 0.265625 1.515625 0.140625
v 0.265625 1.515625 -0.140625
v 0.265625 0.734375 0.140625
v 0.265625 0.734375 -0.140625
v -0.265625 1.515625 -0.140625
v -0.265625 1.515625 0.140625
v -0.265625 0.734375 -0.140625
v -0.265625 0.734375 0.140625
vt 0.3125 0.4375
vt 0.4375 0.4375
vt 0.4375 0.25
vt 0.3125 0.25
vt 0.25 0.4375
vt 0.3125 0.4375
vt 0.3125 0.25
vt 0.25 0.25
vt 0.5 0.4375
vt 0.625 0.4375
vt 0.625 0.25
vt 0.5 0.25
vt 0.4375 0.4375
vt 0.5 0.4375
vt 0.5 0.25
vt 0.4375 0.25
vt 0.4375 0.4375
vt 0.3125 0.4375
vt 0.3125 0.5
vt 0.4375 0.5
vt 0.5625 0.5
vt 0.4375 0.5
vt 0.4375 0.4375
vt 0.5625 0.4375
vn 0 0 -1
vn 1 0 0
vn 0 0 1
vn -1 0 0
vn 0 1 0
vn 0 -1 0
usemtl m_29eb1408-9eab-712f-b04e-a24610a840e8
f 28/76/19 31/75/19 29/74/19 26/73/19
f 27/80/20 28/79/20 26/78/20 25/77/20
f 32/84/21 27/83/21 25/82/21 30/81/21
f 31/88/22 32/87/22 30/86/22 29/85/22
f 30/92/23 25/91/23 26/90/23 29/89/23
f 31/96/24 28/95/24 27/94/24 32/93/24
o Right Arm
v 0.42920239256673187 1.249999997127444 -0.19277396310461997
v 0.42920239256673187 1.499999997127444 -0.19277396682991027
v -0.32008377361966134 1.2499999976149287 -0.16005942258061873
v -0.32008377361966134 1.4999999976149285 -0.16005942630590902
v 0.4401072394080656 1.5000000008491887 0.05698808856555404
v 0.4401072394080656 1.2500000008491887 0.05698809229084445
v -0.3091789267783276 1.5000000013366734 0.08970262908955529
v -0.3091789267783276 1.2500000013366734 0.0897026328148457
vt 0.6875 0.6875
vt 0.75 0.6875
vt 0.75 0.5
vt 0.6875 0.5
vt 0.625 0.6875
vt 0.6875 0.6875
vt 0.6875 0.5
vt 0.625 0.5
vt 0.8125 0.6875
vt 0.875 0.6875
vt 0.875 0.5
vt 0.8125 0.5
vt 0.75 0.6875
vt 0.8125 0.6875
vt 0.8125 0.5
vt 0.75 0.5
vt 0.75 0.6875
vt 0.6875 0.6875
vt 0.6875 0.75
vt 0.75 0.75
vt 0.8125 0.75
vt 0.75 0.75
vt 0.75 0.6875
vt 0.8125 0.6875
vn -1.3084703352636201e-16 1 -1.490116147004917e-8
vn -0.04361938736533501 -1.4886979033884631e-8 -0.9990482215818577
vn 1.3084703352636201e-16 -1 1.490116147004917e-8
vn 0.04361938736533501 1.4886979033884631e-8 0.9990482215818577
vn 0.9990482215818578 -6.49979541678638e-10 -0.043619387365335
vn -0.9990482215818578 6.49979541678638e-10 0.043619387365335
usemtl m_29eb1408-9eab-712f-b04e-a24610a840e8
f 36/100/25 39/99/25 37/98/25 34/97/25
f 35/104/26 36/103/26 34/102/26 33/101/26
f 40/108/27 35/107/27 33/106/27 38/105/27
f 39/112/28 40/111/28 38/110/28 37/109/28
f 38/116/29 33/115/29 34/114/29 37/113/29
f 39/120/30 36/119/30 35/118/30 40/117/30
o Right Arm Layer
v 0.444130968101365 1.234374996884679 -0.20906564426158908
v 0.444130968101365 1.515624996884679 -0.2090656484525409
v -0.3363754550094611 1.2343749973924756 -0.1749879978824212
v -0.3363754550094611 1.5156249973924756 -0.174988002073373
v 0.4563989207978656 1.5156250010716419 0.07191666386735651
v 0.4563989207978656 1.2343750010716419 0.07191666805830821
v -0.3241075023129607 1.5156250015794384 0.1059943102465245
v -0.3241075023129607 1.2343750015794384 0.1059943144374762
vt 0.6875 0.4375
vt 0.75 0.4375
vt 0.75 0.25
vt 0.6875 0.25
vt 0.625 0.4375
vt 0.6875 0.4375
vt 0.6875 0.25
vt 0.625 0.25
vt 0.8125 0.4375
vt 0.875 0.4375
vt 0.875 0.25
vt 0.8125 0.25
vt 0.75 0.4375
vt 0.8125 0.4375
vt 0.8125 0.25
vt 0.75 0.25
vt 0.75 0.4375
vt 0.6875 0.4375
vt 0.6875 0.5
vt 0.75 0.5
vt 0.8125 0.5
vt 0.75 0.5
vt 0.75 0.4375
vt 0.8125 0.4375
vn -1.3084703352636201e-16 1 -1.490116147004917e-8
vn -0.04361938736533501 -1.4886979033884631e-8 -0.9990482215818577
vn 1.3084703352636201e-16 -1 1.490116147004917e-8
vn 0.04361938736533501 1.4886979033884631e-8 0.9990482215818577
vn 0.9990482215818578 -6.49979541678638e-10 -0.043619387365335
vn -0.9990482215818578 6.49979541678638e-10 0.043619387365335
usemtl m_29eb1408-9eab-712f-b04e-a24610a840e8
f 44/124/31 47/123/31 45/122/31 42/121/31
f 43/128/32 44/127/32 42/126/32 41/125/32
f 48/132/33 43/131/33 41/130/33 46/129/33
f 47/136/34 48/135/34 46/134/34 45/133/34
f 46/140/35 41/139/35 42/138/35 45/137/35
f 47/144/36 44/143/36 43/142/36 48/141/36
o Left Arm
v -0.4374999999999991 1.2410460197692899 0.03984446235489536
v -0.43750000000000044 1.4872479580223414 0.0832565067716304
v 0.31250000000000067 1.2410460197692934 0.03984446235489553
v 0.31249999999999956 1.487247958022345 0.0832565067716306
v -0.43750000000000067 1.5306600024390764 -0.1629454314814212
v -0.43749999999999933 1.2844580641860248 -0.20635747589815634
v 0.31249999999999944 1.5306600024390802 -0.162945431481421
v 0.31250000000000056 1.2844580641860286 -0.20635747589815612
vt 0.5625 0.1875
vt 0.625 0.1875
vt 0.625 0
vt 0.5625 0
vt 0.5 0.1875
vt 0.5625 0.1875
vt 0.5625 0
vt 0.5 0
vt 0.6875 0.1875
vt 0.75 0.1875
vt 0.75 0
vt 0.6875 0
vt 0.625 0.1875
vt 0.6875 0.1875
vt 0.6875 0
vt 0.625 0
vt 0.625 0.1875
vt 0.5625 0.1875
vt 0.5625 0.25
vt 0.625 0.25
vt 0.6875 0.25
vt 0.625 0.25
vt 0.625 0.1875
vt 0.6875 0.1875
vn -4.858964517040979e-15 0.9848077530122064 0.17364817766694024
vn 5.749290415762839e-16 -0.1736481776669403 0.9848077530122064
vn 4.858964517040979e-15 -0.9848077530122064 -0.17364817766694024
vn -5.749290415762839e-16 0.1736481776669403 -0.9848077530122064
vn -1 -4.723879311461956e-15 -3.820073744882506e-16
vn 1 4.723879311461956e-15 3.820073744882506e-16
usemtl m_29eb1408-9eab-712f-b04e-a24610a840e8
f 52/148/37 55/147/37 53/146/37 50/145/37
f 51/152/38 52/151/38 50/150/38 49/149/38
f 56/156/39 51/155/39 49/154/39 54/153/39
f 55/160/40 56/159/40 54/158/40 53/157/40
f 54/164/41 49/163/41 50/162/41 53/161/41
f 55/168/42 52/167/42 51/166/42 56/165/42
o Left Arm Layer
v -0.4531249999999991 1.222945145852428 0.05251883071966512
v -0.45312500000000044 1.499922326387111 0.10135738068849207
v 0.3281250000000008 1.2229451458524319 0.052518830719665344
v 0.32812499999999944 1.4999223263871149 0.10135738068849229
v -0.45312500000000067 1.5487608763559382 -0.17561979984619097
v -0.45312499999999933 1.271783695821255 -0.2244583498150179
v 0.32812499999999933 1.548760876355942 -0.17561979984619075
v 0.32812500000000067 1.271783695821259 -0.22445834981501767
vt 0.8125 0.1875
vt 0.875 0.1875
vt 0.875 0
vt 0.8125 0
vt 0.75 0.1875
vt 0.8125 0.1875
vt 0.8125 0
vt 0.75 0
vt 0.9375 0.1875
vt 1 0.1875
vt 1 0
vt 0.9375 0
vt 0.875 0.1875
vt 0.9375 0.1875
vt 0.9375 0
vt 0.875 0
vt 0.875 0.1875
vt 0.8125 0.1875
vt 0.8125 0.25
vt 0.875 0.25
vt 0.9375 0.25
vt 0.875 0.25
vt 0.875 0.1875
vt 0.9375 0.1875
vn -4.858964517040979e-15 0.9848077530122064 0.17364817766694024
vn 5.749290415762839e-16 -0.1736481776669403 0.9848077530122064
vn 4.858964517040979e-15 -0.9848077530122064 -0.17364817766694024
vn -5.749290415762839e-16 0.1736481776669403 -0.9848077530122064
vn -1 -4.723879311461956e-15 -3.820073744882506e-16
vn 1 4.723879311461956e-15 3.820073744882506e-16
usemtl m_29eb1408-9eab-712f-b04e-a24610a840e8
f 60/172/43 63/171/43 61/170/43 58/169/43
f 59/176/44 60/175/44 58/174/44 57/173/44
f 64/180/45 59/179/45 57/178/45 62/177/45
f 63/184/46 64/183/46 62/182/46 61/181/46
f 62/188/47 57/187/47 58/186/47 61/185/47
f 63/192/48 60/191/48 59/190/48 64/189/48
o Right Leg
v 0.24375 0.75 0.125
v 0.24375 0.75 -0.125
v 0.24375 0 0.125
v 0.24375 0 -0.125
v -0.0062500000000000056 0.75 -0.125
v -0.0062500000000000056 0.75 0.125
v -0.0062500000000000056 0 -0.125
v -0.0062500000000000056 0 0.125
vt 0.0625 0.6875
vt 0.125 0.6875
vt 0.125 0.5
vt 0.0625 0.5
vt 0 0.6875
vt 0.0625 0.6875
vt 0.0625 0.5
vt 0 0.5
vt 0.1875 0.6875
vt 0.25 0.6875
vt 0.25 0.5
vt 0.1875 0.5
vt 0.125 0.6875
vt 0.1875 0.6875
vt 0.1875 0.5
vt 0.125 0.5
vt 0.125 0.6875
vt 0.0625 0.6875
vt 0.0625 0.75
vt 0.125 0.75
vt 0.1875 0.75
vt 0.125 0.75
vt 0.125 0.6875
vt 0.1875 0.6875
vn 0 0 -1
vn 1 0 0
vn 0 0 1
vn -1 0 0
vn 0 1 0
vn 0 -1 0
usemtl m_29eb1408-9eab-712f-b04e-a24610a840e8
f 68/196/49 71/195/49 69/194/49 66/193/49
f 67/200/50 68/199/50 66/198/50 65/197/50
f 72/204/51 67/203/51 65/202/51 70/201/51
f 71/208/52 72/207/52 70/206/52 69/205/52
f 70/212/53 65/211/53 66/210/53 69/209/53
f 71/216/54 68/215/54 67/214/54 72/213/54
o Right Leg Layer
v 0.259375 0.765625 0.140625
v 0.259375 0.765625 -0.140625
v 0.259375 -0.015625 0.140625
v 0.259375 -0.015625 -0.140625
v -0.021875000000000006 0.765625 -0.140625
v -0.021875000000000006 0.765625 0.140625
v -0.021875000000000006 -0.015625 -0.140625
v -0.021875000000000006 -0.015625 0.140625
vt 0.0625 0.4375
vt 0.125 0.4375
vt 0.125 0.25
vt 0.0625 0.25
vt 0 0.4375
vt 0.0625 0.4375
vt 0.0625 0.25
vt 0 0.25
vt 0.1875 0.4375
vt 0.25 0.4375
vt 0.25 0.25
vt 0.1875 0.25
vt 0.125 0.4375
vt 0.1875 0.4375
vt 0.1875 0.25
vt 0.125 0.25
vt 0.125 0.4375
vt 0.0625 0.4375
vt 0.0625 0.5
vt 0.125 0.5
vt 0.1875 0.5
vt 0.125 0.5
vt 0.125 0.4375
vt 0.1875 0.4375
vn 0 0 -1
vn 1 0 0
vn 0 0 1
vn -1 0 0
vn 0 1 0
vn 0 -1 0
usemtl m_29eb1408-9eab-712f-b04e-a24610a840e8
f 76/220/55 79/219/55 77/218/55 74/217/55
f 75/224/56 76/223/56 74/222/56 73/221/56
f 80/228/57 75/227/57 73/226/57 78/225/57
f 79/232/58 80/231/58 78/230/58 77/229/58
f 78/236/59 73/235/59 74/234/59 77/233/59
f 79/240/60 76/239/60 75/238/60 80/237/60
o Left Leg
v 0.0062500000000000056 0.75 0.125
v 0.0062500000000000056 0.75 -0.125
v 0.0062500000000000056 0 0.125
v 0.0062500000000000056 0 -0.125
v -0.24375 0.75 -0.125
v -0.24375 0.75 0.125
v -0.24375 0 -0.125
v -0.24375 0 0.125
vt 0.3125 0.1875
vt 0.375 0.1875
vt 0.375 0
vt 0.3125 0
vt 0.25 0.1875
vt 0.3125 0.1875
vt 0.3125 0
vt 0.25 0
vt 0.4375 0.1875
vt 0.5 0.1875
vt 0.5 0
vt 0.4375 0
vt 0.375 0.1875
vt 0.4375 0.1875
vt 0.4375 0
vt 0.375 0
vt 0.375 0.1875
vt 0.3125 0.1875
vt 0.3125 0.25
vt 0.375 0.25
vt 0.4375 0.25
vt 0.375 0.25
vt 0.375 0.1875
vt 0.4375 0.1875
vn 0 0 -1
vn 1 0 0
vn 0 0 1
vn -1 0 0
vn 0 1 0
vn 0 -1 0
usemtl m_29eb1408-9eab-712f-b04e-a24610a840e8
f 84/244/61 87/243/61 85/242/61 82/241/61
f 83/248/62 84/247/62 82/246/62 81/245/62
f 88/252/63 83/251/63 81/250/63 86/249/63
f 87/256/64 88/255/64 86/254/64 85/253/64
f 86/260/65 81/259/65 82/258/65 85/257/65
f 87/264/66 84/263/66 83/262/66 88/261/66
o Left Leg Layer
v 0.021875000000000006 0.765625 0.140625
v 0.021875000000000006 0.765625 -0.140625
v 0.021875000000000006 -0.015625 0.140625
v 0.021875000000000006 -0.015625 -0.140625
v -0.259375 0.765625 -0.140625
v -0.259375 0.765625 0.140625
v -0.259375 -0.015625 -0.140625
v -0.259375 -0.015625 0.140625
vt 0.0625 0.1875
vt 0.125 0.1875
vt 0.125 0
vt 0.0625 0
vt 0 0.1875
vt 0.0625 0.1875
vt 0.0625 0
vt 0 0
vt 0.1875 0.1875
vt 0.25 0.1875
vt 0.25 0
vt 0.1875 0
vt 0.125 0.1875
vt 0.1875 0.1875
vt 0.1875 0
vt 0.125 0
vt 0.125 0.1875
vt 0.0625 0.1875
vt 0.0625 0.25
vt 0.125 0.25
vt 0.1875 0.25
vt 0.125 0.25
vt 0.125 0.1875
vt 0.1875 0.1875
vn 0 0 -1
vn 1 0 0
vn 0 0 1
vn -1 0 0
vn 0 1 0
vn 0 -1 0
usemtl m_29eb1408-9eab-712f-b04e-a24610a840e8
f 92/268/67 95/267/67 93/266/67 90/265/67
f 91/272/68 92/271/68 90/270/68 89/269/68
f 96/276/69 91/275/69 89/274/69 94/273/69
f 95/280/70 96/279/70 94/278/70 93/277/70
f 94/284/71 89/283/71 90/282/71 93/281/71
f 95/288/72 92/287/72 91/286/72 96/285/72